PM,Lat,Lot
36.23632812,60.14239502,24.99446869
69.24267578,60.14239502,25.03602028
32.13519669,60.14600372,24.88968849
31.16912460,60.14780807,24.87884903
35.08208084,60.15051270,24.88788223
39.75172806,60.15051270,24.92943382
32.91983414,60.15141678,24.87704277
30.84009361,60.15141678,24.88607597
39.84084702,60.15231705,24.88788223
35.15419769,60.15322113,24.94749832
144.43426514,60.15412140,24.83368683
31.03957939,60.15412140,24.86259079
40.59433746,60.15412140,24.86801147
40.52948380,60.15412140,24.87704277
31.77637863,60.15412140,24.88788223
42.61146545,60.15412140,24.90594864
30.15494347,60.15412140,24.94207954
33.23762894,60.15412140,24.95653152
37.67290115,60.15412140,24.99627686
62.30679703,60.15502548,24.85717201
35.14565277,60.15502548,24.85897827
42.23992538,60.15502548,24.86078453
32.94463348,60.15502548,24.86259079
32.65737915,60.15502548,24.86801147
54.36984634,60.15502548,24.88065720
34.76807404,60.15502548,24.88426971
32.65577316,60.15502548,24.88607597
42.11364365,60.15502548,24.93846703
35.08803940,60.15502548,24.94388580
45.59651184,60.15502548,24.94569206
32.73287582,60.15502548,24.94749832
33.98838806,60.15592575,24.85536385
49.96807098,60.15592575,24.85897827
31.97830963,60.15592575,24.86078453
48.75828934,60.15592575,24.88065720
32.67242813,60.15592575,24.93124008
38.26101303,60.15592575,24.95833778
35.51932526,60.15592575,24.96014595
33.11812210,60.15682602,24.94749832
32.61407852,60.15682602,24.95291901
36.44624710,60.15682602,24.95653152
34.23139191,60.15773010,24.88065720
78.20825958,60.15773010,24.93124008
80.06303406,60.15773010,24.96014595
35.74176788,60.15773010,24.98363113
39.44448853,60.15863037,24.93665886
31.34762383,60.15863037,24.95111275
30.04894829,60.15863037,24.95291901
32.20524597,60.15953445,24.93124008
33.69649887,60.15953445,24.93485260
32.99921799,60.15953445,24.93665886
32.56128693,60.15953445,24.93846703
31.03404236,60.16043472,24.93304634
33.41616440,60.16043472,24.94388580
36.34765244,60.16133881,24.88968849
31.71690559,60.16133881,24.93124008
30.92462540,60.16133881,24.93485260
30.68412590,60.16133881,24.94749832
53.45258331,60.16133881,24.95111275
62.75908279,60.16133881,24.95291901
33.51239777,60.16133881,24.95472527
36.75460815,60.16223907,24.86259079
32.46814728,60.16223907,24.87523651
34.81160355,60.16223907,24.87884903
30.11121750,60.16223907,24.88065720
36.56873322,60.16223907,24.88968849
32.60056686,60.16223907,24.94388580
31.38454437,60.16223907,24.94569206
37.52523041,60.16223907,24.95111275
51.34103012,60.16223907,25.05227852
30.85289192,60.16314316,24.88426971
30.40691185,60.16314316,24.92582130
34.67480850,60.16314316,24.95291901
30.31307793,60.16404343,24.86801147
34.07000351,60.16404343,24.87884903
39.82440567,60.16404343,24.88607597
33.75292587,60.16404343,24.94749832
30.74753761,60.16404343,25.01614761
30.65977097,60.16494751,24.94207954
30.92085648,60.16494751,24.94388580
30.42392921,60.16584778,24.83910561
50.18700790,60.16584778,24.86078453
30.16198540,60.16675186,24.93846703
31.01854324,60.16675186,24.94388580
31.05198479,60.16675186,24.95111275
34.31718826,60.16765213,24.96917725
34.29697418,60.16855621,24.97279167
32.71945190,60.16855621,25.01976204
113.04687500,60.16855621,25.05047226
31.16186905,60.16945648,24.94930649
30.38831711,60.17035675,24.92220688
30.43579292,60.17035675,24.94930649
32.23638153,60.17035675,25.02156830
34.35005951,60.17216110,24.92582130
30.28410339,60.17216110,24.92762756
34.15164185,60.17216110,24.93124008
45.29085541,60.17306519,24.92582130
31.29722404,60.17306519,24.94388580
35.97829437,60.17396545,24.85536385
36.10020065,60.17396545,24.90594864
35.94605255,60.17396545,24.94207954
62.90667343,60.17396545,24.98001671
60.58919525,60.17486954,24.85897827
33.73182678,60.17486954,24.91678810
30.15875816,60.17486954,24.92943382
33.98823547,60.17486954,24.94388580
30.45780945,60.17576981,24.85175133
60.52225494,60.17576981,24.91136742
32.94989777,60.17576981,24.92943382
46.22385788,60.17667389,24.85355759
59.09477234,60.17667389,24.87162399
60.38911057,60.17757416,24.88246346
31.83111954,60.17757416,24.92040062
37.24133301,60.17757416,24.93665886
30.28007126,60.17757416,24.94207954
32.43938828,60.17757416,24.94569206
34.00010681,60.17757416,25.02518082
37.68563080,60.17847824,24.92762756
60.91254425,60.17937851,24.85897827
31.13516235,60.17937851,24.91678810
31.66992378,60.17937851,24.92582130
45.23091125,60.18028259,24.83368683
32.11024857,60.18028259,24.84452629
37.81925201,60.18028259,24.85355759
30.40019608,60.18028259,24.92943382
30.39233780,60.18118286,24.84813881
34.63270187,60.18118286,24.92401314
42.99198532,60.18118286,24.99808311
32.86207962,60.18208694,24.84813881
32.17512131,60.18208694,24.94207954
30.53832626,60.18298721,24.84994507
30.48745537,60.18298721,24.91678810
52.22064972,60.18298721,24.92220688
32.14447403,60.18298721,24.92762756
30.34766388,60.18298721,24.94207954
30.90695000,60.18298721,24.94569206
31.33473778,60.18298721,24.96014595
35.50128174,60.18388748,24.86078453
33.22283173,60.18388748,24.86259079
63.71776962,60.18388748,24.93304634
34.14014816,60.18388748,25.05589294
32.28696442,60.18479156,24.86620331
32.39307785,60.18479156,24.92943382
31.00049019,60.18479156,24.94027328
35.12036133,60.18479156,24.94207954
30.06521606,60.18479156,25.05408669
35.51669312,60.18569183,24.94388580
43.74098206,60.18569183,25.04324722
30.38224411,60.18569183,25.05047226
39.81484604,60.18659592,24.86259079
38.39750290,60.18659592,24.91136742
87.18013763,60.18659592,24.93304634
38.08382797,60.18659592,24.94027328
68.58348083,60.18659592,25.03240776
36.17923355,60.18749619,24.91678810
35.90143967,60.18749619,24.92943382
43.09048462,60.18749619,24.93846703
30.15674973,60.18749619,25.03421402
61.39302063,60.18840027,24.88607597
33.67151260,60.18840027,24.93665886
34.36213303,60.18930054,24.94027328
34.80477905,60.18930054,24.94388580
56.69146729,60.19020462,24.87343025
32.68137360,60.19020462,24.91678810
58.08100891,60.19020462,24.93304634
33.70670700,60.19020462,24.93665886
31.39714432,60.19020462,24.94027328
45.59588623,60.19020462,24.97279167
50.15813065,60.19110489,24.92762756
44.89507294,60.19110489,24.98001671
36.68283081,60.19200897,24.92040062
39.72568893,60.19200897,24.92401314
46.25112152,60.19200897,25.02698708
32.18478775,60.19290924,24.93124008
58.94655228,60.19290924,24.93846703
36.67450714,60.19290924,24.94569206
34.16164398,60.19381332,24.93124008
40.52768707,60.19381332,24.98001671
35.16878128,60.19381332,24.98182297
46.37791824,60.19471359,24.90594864
44.56964111,60.19471359,25.02337456
39.21493149,60.19561768,24.90414238
38.72982407,60.19561768,24.92220688
34.25355530,60.19651794,24.89691544
44.22890091,60.19651794,24.90052795
33.70734024,60.19651794,24.91498184
33.82501221,60.19651794,24.98001671
40.84877014,60.19651794,24.98363113
31.77012825,60.19651794,25.03421402
76.44429779,60.19741821,24.83368683
46.27938461,60.19741821,25.02879333
53.82522583,60.19832230,24.87162399
32.72779465,60.19832230,24.87884903
39.35897827,60.19832230,24.91678810
38.52566147,60.19832230,24.92220688
30.03942680,60.19832230,24.92582130
39.51110458,60.19832230,25.03602028
33.38825226,60.19922256,24.85897827
37.65287399,60.19922256,24.86620331
33.19942856,60.19922256,24.86801147
37.49365616,60.19922256,24.89149666
32.98402405,60.19922256,24.92040062
30.62109756,60.19922256,24.92220688
35.31043243,60.19922256,24.92582130
54.60949707,60.19922256,24.98001671
57.86570358,60.19922256,25.03240776
44.20658112,60.20012665,24.86439705
53.37979889,60.20012665,24.89330292
60.85430527,60.20012665,24.89691544
44.97479248,60.20012665,24.91498184
35.81036758,60.20012665,24.93665886
32.69226837,60.20012665,24.93846703
57.57541656,60.20102692,24.85897827
46.21775436,60.20102692,24.91859436
31.53339577,60.20102692,24.93665886
38.61524963,60.20102692,25.03602028
30.41698265,60.20193100,24.89691544
32.58192444,60.20193100,24.92762756
112.34170532,60.20283127,24.85175133
43.70526886,60.20283127,24.85897827
40.26054001,60.20283127,24.91317368
73.74182129,60.20283127,25.05227852
34.96043777,60.20373535,24.84994507
33.63629150,60.20373535,24.88968849
31.18775940,60.20373535,24.92220688
32.87835312,60.20373535,24.92401314
32.54702759,60.20463562,24.87162399
35.60408783,60.20463562,24.92040062
32.75955582,60.20463562,24.92220688
55.59429169,60.20463562,24.92401314
34.15154266,60.20463562,24.92943382
36.90543365,60.20463562,24.97459793
51.75851059,60.20553970,24.86078453
51.01699448,60.20553970,24.86259079
32.38195038,60.20553970,24.91136742
36.03227615,60.20553970,24.91498184
30.88768005,60.20553970,24.91859436
34.29545593,60.20553970,24.92220688
32.03263855,60.20643997,24.92040062
117.97091675,60.20643997,25.05408669
34.64528656,60.20734406,24.83549309
30.56411743,60.20734406,24.85355759
61.69113159,60.20824432,24.92762756
44.89651108,60.20914841,24.85717201
37.85581207,60.20914841,24.87162399
41.80728912,60.20914841,24.88426971
37.11887741,60.20914841,24.93124008
33.11275864,60.21004868,24.89149666
37.76611328,60.21004868,24.91317368
33.29426193,60.21094894,24.90414238
40.33993912,60.21094894,24.91136742
34.64995575,60.21094894,25.03782654
51.68153000,60.21185303,24.90414238
34.76457214,60.21185303,24.91317368
35.44150543,60.21185303,24.91498184
38.64367676,60.21275330,24.85897827
35.50290680,60.21275330,24.87162399
30.87368202,60.21275330,24.90594864
50.00448227,60.21275330,24.90956116
33.85133743,60.21365738,24.90594864
113.21277618,60.21365738,24.91678810
50.91394806,60.21365738,24.92220688
32.47436142,60.21455765,24.88788223
45.52472687,60.21455765,24.89149666
41.15948105,60.21455765,24.90956116
39.75160599,60.21455765,25.03782654
34.53012848,60.21455765,25.05950546
41.29018784,60.21546173,24.86259079
37.62717438,60.21546173,24.92220688
67.99001312,60.21636200,24.86259079
41.60618973,60.21636200,24.90233612
31.37619591,60.21636200,24.92401314
38.73508835,60.21726608,24.85536385
33.81962204,60.21726608,24.91678810
112.94337463,60.21726608,24.98543739
57.54492188,60.21816635,24.85175133
34.35060883,60.21816635,24.85536385
41.73962021,60.21816635,24.85717201
32.96067810,60.21816635,24.86078453
34.64311218,60.21816635,24.86620331
41.10201263,60.21816635,24.90233612
30.02413559,60.21816635,24.92220688
36.83443451,60.21816635,24.92401314
31.70805550,60.21816635,24.97459793
36.08039856,60.21816635,24.98182297
44.62889862,60.21907043,24.89872169
36.12584305,60.21907043,25.04685974
40.24377441,60.21997070,24.84271812
32.89597702,60.21997070,24.84813881
31.82700348,60.21997070,24.90052795
48.26910019,60.21997070,24.97821045
34.48700714,60.22087479,24.83549309
39.11986923,60.22087479,24.84452629
31.10950470,60.22087479,24.84994507
41.06335831,60.22087479,25.03963280
36.05429840,60.22177505,24.84452629
35.53992462,60.22177505,24.84633255
46.88683319,60.22177505,24.85355759
47.81048203,60.22177505,24.88607597
36.87390518,60.22177505,24.95291901
44.53655624,60.22177505,24.98182297
30.90079498,60.22267914,24.84271812
30.82727623,60.22267914,24.85536385
47.52288055,60.22267914,24.86620331
38.21676254,60.22267914,24.92220688
58.01675415,60.22357941,24.85175133
86.32332611,60.22357941,24.85355759
30.36896133,60.22357941,24.95833778
32.47720337,60.22447968,24.86259079
34.95226669,60.22447968,24.89149666
48.72537613,60.22538376,24.84271812
30.90948105,60.22538376,24.85897827
41.45927429,60.22628403,24.85717201
49.06727219,60.22628403,24.90414238
50.95965576,60.22718811,24.92401314
37.01029968,60.22718811,24.98724365
36.17493439,60.22718811,25.02156830
30.50908470,60.22718811,25.05227852
133.20079041,60.22808838,24.83368683
51.73218155,60.22808838,24.83549309
36.97849655,60.22808838,24.93304634
38.14907074,60.22808838,25.01795578
61.52737045,60.22899246,24.88607597
31.65140152,60.22899246,24.90414238
30.19094467,60.22899246,24.90956116
51.92976379,60.22899246,24.91136742
39.18596268,60.22899246,24.95833778
183.00624084,60.22899246,24.99627686
39.31544876,60.22899246,25.03240776
101.71048737,60.22989273,24.86078453
31.51509857,60.22989273,24.88426971
39.73960114,60.22989273,24.90956116
38.06394577,60.22989273,24.91136742
124.00399017,60.22989273,24.99085617
35.82728195,60.23079681,24.84813881
62.45790100,60.23079681,24.84994507
89.64707184,60.23079681,24.85536385
38.80436707,60.23079681,24.89510918
34.79890442,60.23079681,24.90414238
91.35292816,60.23079681,24.91498184
34.73934555,60.23079681,25.00350189
32.61408615,60.23169708,24.89330292
66.28142548,60.23169708,24.89691544
42.45154572,60.23169708,24.90052795
30.71875572,60.23169708,24.92220688
36.00151825,60.23169708,25.02156830
33.26025772,60.23260117,24.84813881
30.60087776,60.23260117,24.90594864
30.67780113,60.23260117,24.91498184
53.22321320,60.23260117,24.98363113
57.24986267,60.23260117,25.05047226
37.47982025,60.23350143,24.83187866
30.57585716,60.23350143,24.90956116
162.98043823,60.23440552,24.83368683
37.22369003,60.23440552,24.90775490
88.04518890,60.23440552,24.91317368
49.34355164,60.23440552,24.95833778
48.81442261,60.23530579,24.90594864
37.14822388,60.23530579,24.91317368
56.07054520,60.23530579,25.01253510
45.44245148,60.23530579,25.02879333
37.78939819,60.23620987,24.85355759
50.12456131,60.23620987,24.90775490
33.35787201,60.23620987,24.91317368
101.92140198,60.23620987,24.95472527
44.80700684,60.23711014,24.83549309
40.36225891,60.23711014,24.83910561
32.31713867,60.23711014,24.85175133
31.26263046,60.23711014,24.91317368
33.37694550,60.23711014,24.94207954
34.66302872,60.23801422,24.86439705
34.67529678,60.23801422,24.89330292
32.10243607,60.23801422,24.89510918
31.97701645,60.23801422,24.90052795
37.05070877,60.23801422,24.90956116
30.42852974,60.23801422,24.98363113
35.99918365,60.23891449,24.86801147
33.72628784,60.23891449,24.87343025
31.84012222,60.23891449,24.90052795
43.14678574,60.23891449,24.90594864
59.31290436,60.23891449,24.95833778
34.18426514,60.23891449,24.99266243
34.39059830,60.23891449,25.00350189
47.22038269,60.23891449,25.01253510
46.06592941,60.23981476,24.84271812
30.43915367,60.23981476,24.97459793
32.34997940,60.23981476,24.98904991
42.30904770,60.23981476,25.00350189
30.77293777,60.24071884,24.89872169
35.91607666,60.24071884,24.91498184
35.56694031,60.24071884,24.96556473
47.60776138,60.24071884,24.98904991
36.01099777,60.24161911,24.83729935
42.39183044,60.24161911,24.85355759
31.06106186,60.24161911,24.89872169
44.90773773,60.24161911,24.90594864
45.07914352,60.24252319,24.83187866
32.42111969,60.24252319,24.87523651
30.20562553,60.24252319,24.89510918
38.98849869,60.24252319,24.90594864
33.71143341,60.24252319,24.93304634
36.09280014,60.24252319,25.00892258
32.32492447,60.24342346,24.84271812
33.66925430,60.24342346,24.86078453
33.87390900,60.24342346,24.88788223
34.29254913,60.24342346,24.89510918
32.07147598,60.24342346,24.91136742
31.99934769,60.24432755,24.84091187
40.18627930,60.24432755,24.89691544
36.81287384,60.24522781,24.83187866
34.16720200,60.24522781,24.88968849
30.61524582,60.24522781,24.89691544
30.37953758,60.24522781,24.90052795
30.26363754,60.24522781,24.98904991
41.36921692,60.24522781,25.02518082
30.53105164,60.24613190,24.83187866
33.28172302,60.24613190,24.83910561
39.18293762,60.24613190,24.89510918
34.11774826,60.24613190,25.05047226
35.27163315,60.24613190,25.05950546
34.30721283,60.24703217,24.89149666
34.21345520,60.24703217,24.89510918
76.57452393,60.24703217,24.90052795
45.79998398,60.24703217,24.90233612
30.88302994,60.24703217,24.90594864
46.25133896,60.24703217,24.93304634
83.01813507,60.24703217,25.03602028
31.57604027,60.24793625,24.84271812
33.66934204,60.24793625,24.85175133
44.64867401,60.24793625,24.88426971
37.34077835,60.24793625,24.89149666
39.13409805,60.24793625,24.89691544
33.59794617,60.24793625,24.89872169
30.18912125,60.24793625,24.90414238
38.48234177,60.24793625,24.91317368
36.42744446,60.24793625,24.91678810
38.49454117,60.24793625,25.00711632
30.15389633,60.24883652,24.89691544
32.20230865,60.24883652,24.89872169
30.23774147,60.24883652,24.90956116
31.15139961,60.24883652,24.91678810
30.36275482,60.24974060,24.90233612
68.35664368,60.24974060,25.03240776
33.28436279,60.25064087,24.88968849
30.86334419,60.25064087,24.89872169
32.09951401,60.25154495,24.89330292
32.16996384,60.25154495,24.89510918
34.14795303,60.25244522,24.90052795
31.52340126,60.25244522,24.90594864
37.25774765,60.25244522,24.91498184
35.39207840,60.25244522,25.01976204
48.32271957,60.25244522,25.02698708
40.77371216,60.25244522,25.03421402
31.32093430,60.25334549,24.87523651
33.36688232,60.25334549,24.88788223
32.43589783,60.25334549,24.89330292
32.08385849,60.25334549,24.89691544
34.95411682,60.25334549,24.89872169
42.38110733,60.25334549,24.90233612
36.75184250,60.25424957,24.84271812
35.06352997,60.25424957,24.86078453
35.35113144,60.25424957,24.89149666
49.48403931,60.25424957,24.89872169
31.84457779,60.25424957,25.00892258
71.29094696,60.25424957,25.01795578
37.30722809,60.25514984,24.88065720
33.92404556,60.25514984,24.89510918
32.57076645,60.25605392,24.88246346
32.37714005,60.25605392,24.89330292
30.06807518,60.25605392,25.02879333
43.07146835,60.25695419,24.85355759
47.58952332,60.25695419,24.85897827
32.02172852,60.25695419,24.89510918
42.85169220,60.25695419,24.97821045
39.93840027,60.25875854,24.83549309
34.07239914,60.25875854,24.88788223
37.43704605,60.25875854,24.89510918
43.24787140,60.25875854,24.90233612
70.89765930,60.25875854,25.02698708
30.45383835,60.25966263,24.87884903
42.99582672,60.26056290,24.89330292
34.68566895,60.26056290,24.96014595
30.16263008,60.26056290,25.01795578
30.78407288,60.26056290,25.02518082
37.62761307,60.26146698,24.87343025
33.52317429,60.26236725,24.84994507
58.26330185,60.26236725,24.96917725
30.45619392,60.26236725,24.98001671
36.23022079,60.26236725,25.01795578
39.22240448,60.26327133,24.86801147
59.73376083,60.26327133,24.98001671
38.93187714,60.26327133,25.03240776
32.51993561,60.26327133,25.03602028
55.79475784,60.26327133,25.03782654
140.85717773,60.26417160,24.84271812
44.75373459,60.26417160,24.88788223
35.69007111,60.26507568,24.85355759
41.23279190,60.26507568,24.89330292
36.04364014,60.26507568,25.02698708
30.69447708,60.26597595,24.89330292
53.81544113,60.26687622,24.83368683
84.81048584,60.26687622,24.89691544
31.86872101,60.26778030,24.85355759
31.77448463,60.26778030,24.88968849
56.25722885,60.26778030,24.89149666
54.62136459,60.27138901,24.96917725
33.97611618,60.27319336,25.03421402
34.47916031,60.27409363,25.05227852
